48
JaWTF_S54            0.0000000 0.0003877 0.0244539 0.0296460 0.0265906 0.0298830 0.0293667 0.0258369 0.0214546 0.0082537 0.0309377 0.2555136 0.2452637 0.3201929 0.3017266 0.1371431 0.1794695 0.1875454 0.1784827 0.1726738 0.2790947 0.1529789 0.0731625 0.0574547 0.0580821 0.0262048 0.1255902 0.1203081 0.1998485 0.2030725 0.2082614 0.4673892 0.6156462 0.5524084 0.5550538 0.6784449 0.4125738 0.5100055 0.5539247 0.2982374 0.2924465 1.1436156 0.9459486 0.9273147 1.8194027 0.1866847 0.8556913 0.0479845 
JaWLU_S67            0.0003877 0.0000000 0.0282121 0.0303449 0.0303123 0.0352394 0.0331310 0.0298981 0.0218906 0.0118304 0.0315082 0.2564160 0.2440407 0.3324142 0.3032176 0.1383787 0.1815873 0.1867053 0.1794463 0.1740041 0.2815082 0.1565014 0.0783405 0.0598907 0.0629142 0.0301891 0.1289069 0.1266305 0.2022279 0.2040797 0.2092969 0.4693313 0.6223425 0.5626161 0.5761894 0.6797079 0.4145913 0.5094757 0.5650097 0.2899129 0.2924465 1.1351400 0.9458794 0.9304525 1.8228505 0.1874922 0.8556913 0.0479845 
JaAU_S56             0.0244539 0.0282121 0.0000000 0.0075044 0.0035492 0.0301635 0.0283573 0.0247885 0.0240728 0.0215476 0.0353141 0.2545444 0.2448487 0.3019709 0.3018453 0.1401065 0.1702834 0.1863290 0.1749469 0.1702981 0.2447515 0.1348617 0.0722633 0.0608492 0.0599607 0.0194239 0.1111578 0.1210403 0.2012875 0.2068865 0.2053809 0.4654722 0.5812832 0.5389474 0.5503945 0.6703012 0.4128423 0.5027085 0.5365527 0.3001355 0.2943266 1.1358340 0.9264941 0.9214010 1.7987472 0.1841707 0.8722933 0.0379030 
BothJaLSZZ           0.0296460 0.0303449 0.0075044 0.0000000 0.0129382 0.0407101 0.0397080 0.0335120 0.0287499 0.0264066 0.0458109 0.2224108 0.2452180 0.2905155 0.2610430 0.1502942 0.1846542 0.1740348 0.1727718 0.1669421 0.2855964 0.1646822 0.0764945 0.0600664 0.0653496 0.0274888 0.1219866 0.1299604 0.1855396 0.2113304 0.2234016 0.3604101 0.6266714 0.4986780 0.5038949 0.5516089 0.4151995 0.4890165 0.4513907 0.3001355 0.2943266 1.0200798 0.7724295 0.6836427 1.9328181 0.1610873 0.9351449 0.0434361 
BothJaVAD            0.0265906 0.0303123 0.0035492 0.0129382 0.0000000 0.0322662 0.0309449 0.0270966 0.0267070 0.0241102 0.0382096 0.2589053 0.2466467 0.3136092 0.3090416 0.1479073 0.1826390 0.1902082 0.1801328 0.1850979 0.2720797 0.1721161 0.0800919 0.0637924 0.0627786 0.0229892 0.1239642 0.1236711 0.2041269 0.2100867 0.2160328 0.4670263 0.6099287 0.5528045 0.5617113 0.6730392 0.4164896 0.5050417 0.5391510 0.3023781 0.2965708 1.1437264 0.9279265 0.9307927 1.8179215 0.1885343 0.8739527 0.0379030 
BothJaOBD            0.0298830 0.0352394 0.0301635 0.0407101 0.0322662 0.0000000 0.0079765 0.0077689 0.0295955 0.0292934 0.0379142 0.2617284 0.2502475 0.3217729 0.3050596 0.1410746 0.1812160 0.1877532 0.1791606 0.1763458 0.2872841 0.1664291 0.0769926 0.0594978 0.0650146 0.0273565 0.1243447 0.1275277 0.2106629 0.2102137 0.2156837 0.4821346 0.6234572 0.5581638 0.5721341 0.6844986 0.4268227 0.5165612 0.5612301 0.3027330 0.2969355 1.1710995 0.9613961 0.9322012 1.8210887 0.1869522 0.8506161 0.0385676 
AllRoRD              0.0293667 0.0331310 0.0283573 0.0397080 0.0309449 0.0079765 0.0000000 0.0012779 0.0286078 0.0271898 0.0386836 0.2606894 0.2444792 0.3144094 0.3010278 0.1369463 0.1709941 0.1849110 0.1767782 0.1682810 0.2663734 0.1399529 0.0714988 0.0574364 0.0575039 0.0254767 0.1082727 0.1230817 0.2044066 0.2083481 0.2062139 0.4737357 0.6125491 0.5435408 0.5563561 0.6792603 0.4210558 0.5108994 0.5526477 0.2923807 0.2949219 1.1669624 0.9471630 0.9149142 1.7927771 0.1858708 0.8509778 0.0385676 
AllRoDU              0.0258369 0.0298981 0.0247885 0.0335120 0.0270966 0.0077689 0.0012779 0.0000000 0.0243977 0.0230314 0.0358573 0.2590698 0.2444556 0.3195587 0.2944991 0.1127692 0.1610854 0.1770040 0.1667975 0.1429939 0.2500067 0.0846139 0.0679342 0.0512752 0.0530173 0.0213683 0.1077278 0.1182622 0.2033783 0.2023271 0.2001505 0.4697438 0.4316731 0.5419532 0.5643965 0.6955518 0.3925882 0.5069015 0.5508263 0.2923807 0.2949219 1.1934607 0.9456870 0.9035204 1.7071409 0.1744378 0.8510617 0.0385676 
BothSVD              0.0214546 0.0218906 0.0240728 0.0287499 0.0267070 0.0295955 0.0286078 0.0243977 0.0000000 0.0180236 0.0207509 0.2463732 0.2510987 0.3095268 0.3003918 0.1446169 0.1788471 0.1913645 0.1852055 0.1734371 0.2573354 0.1449244 0.0694709 0.0650782 0.0650580 0.0253593 0.1146070 0.1262272 0.2077945 0.2162004 0.2138538 0.4815047 0.5926216 0.5375237 0.5594089 0.6820000 0.4241318 0.5146759 0.5485785 0.3000627 0.3026744 1.1435287 0.9577144 0.9527721 1.7787416 0.1926956 0.8584481 0.0439753 
BothJaSVD            0.0082537 0.0118304 0.0215476 0.0264066 0.0241102 0.0292934 0.0271898 0.0230314 0.0180236 0.0000000 0.0284945 0.2492210 0.2376872 0.3129789 0.2980239 0.1390249 0.1798464 0.1845674 0.1764828 0.1719053 0.2733156 0.1597157 0.0732448 0.0578654 0.0581275 0.0230066 0.1216630 0.1199250 0.1984187 0.2010884 0.2069578 0.4718792 0.6092976 0.5442606 0.5588081 0.6727492 0.4115744 0.5098051 0.5474876 0.2982374 0.2924465 1.1294831 0.9453115 0.9200297 1.8052627 0.1843715 0.8560432 0.0479845 
AllBzVAD             0.0309377 0.0315082 0.0353141 0.0458109 0.0382096 0.0379142 0.0386836 0.0358573 0.0207509 0.0284945 0.0000000 0.2505613 0.2474557 0.3159339 0.2972895 0.1433931 0.1798273 0.1917446 0.1860231 0.1766863 0.3693922 0.1489877 0.0800761 0.0521276 0.0619799 0.0389184 0.1168844 0.1332533 0.2067570 0.2148604 0.2187916 0.4225729 0.5894047 0.5683784 0.5569366 0.6515392 0.4230808 0.5318530 0.5217930 0.3057110 0.2998892 1.1315728 0.8543241 0.8387380 1.7504717 0.1953042 0.8547221 0.0439753 
Vhilg                0.2555136 0.2564160 0.2545444 0.2224108 0.2589053 0.2617284 0.2606894 0.2590698 0.2463732 0.2492210 0.2505613 0.0000000 0.0106724 0.1748268 0.0823010 0.1831870 0.2203078 0.2441341 0.2335751 0.2185842 0.1544150 0.2121231 0.2338625 0.2541890 0.2588981 0.2267850 0.2597383 0.2387670 0.2422462 0.2460252 0.2472504 0.4429004 0.5051431 0.5084369 0.5037541 0.5997330 0.4033124 0.4492701 0.4893571 0.2899548 0.2905824 0.8963692 0.8435797 0.8739574 1.8528245 0.2057158 0.5184820 0.0219943 
BothVhilg_shim       0.2452637 0.2440407 0.2448487 0.2452180 0.2466467 0.2502475 0.2444792 0.2444556 0.2510987 0.2376872 0.2474557 0.0106724 0.0000000 0.1879185 0.0570600 0.1650971 0.2240252 0.2211739 0.2156225 0.1918914 0.1827960 0.1143168 0.2264737 0.2467976 0.2565999 0.2428148 0.2552491 0.2580040 0.2233818 0.2414577 0.2425312 0.4717331 0.3868320 0.4723396 0.4963981 0.6209280 0.3943370 0.4870771 0.5305787 0.3070374 0.2973524 0.9919321 0.8456284 0.8770470 1.7062412 0.2162696 0.4697884 0.0277291 
LIRSCyp2             0.3201929 0.3324142 0.3019709 0.2905155 0.3136092 0.3217729 0.3144094 0.3195587 0.3095268 0.3129789 0.3159339 0.1748268 0.1879185 0.0000000 0.2125236 0.1742258 0.3321463 0.3183338 0.3111087 0.2259847 0.5694986 0.2298680 0.3246528 0.3136501 0.3141012 0.3052389 0.3376035 0.3176540 0.3061291 0.3151173 0.3341690 0.4652766 0.4703498 0.5896846 0.6215256 0.6227579 0.4185445 0.6110159 0.5296135 0.2785232 0.2801273 1.0244099 0.8614115 0.8488514 1.9853974 0.2953170 0.8261602 9.0000000 
LIRSCyp1             0.3017266 0.3032176 0.3018453 0.2610430 0.3090416 0.3050596 0.3010278 0.2944991 0.3003918 0.2980239 0.2972895 0.0823010 0.0570600 0.2125236 0.0000000 0.1972631 0.2389324 0.2752226 0.2661398 0.2042330 0.4410119 0.1967243 0.2699621 0.2767575 0.2961437 0.2637449 0.2639699 0.2220118 0.2824358 0.2764467 0.2806616 0.3450997 0.5076832 0.5152713 0.5196032 0.5805229 0.3341815 0.4221238 0.4885547 0.2543592 0.2549496 1.1670684 0.8356705 0.7855654 1.9646803 0.2611190 0.8411646 0.0294765 
BothGPH              0.1371431 0.1383787 0.1401065 0.1502942 0.1479073 0.1410746 0.1369463 0.1127692 0.1446169 0.1390249 0.1433931 0.1831870 0.1650971 0.1742258 0.1972631 0.0000000 0.0119469 0.0119831 0.0119483 0.0278419 0.0146551 0.0119965 0.1562895 0.1596765 0.1573872 0.1460167 0.1501541 0.1572488 0.1650265 0.1756151 0.1786937 0.3778844 0.6400509 0.4581875 0.4655418 0.4825333 0.4512348 0.4616944 0.3203939 0.2750364 0.2774030 0.8398932 0.6510383 0.7102213 1.7760813 0.0092757 0.2743183 9.0000000 
SFM_Niko             0.1794695 0.1815873 0.1702834 0.1846542 0.1826390 0.1812160 0.1709941 0.1610854 0.1788471 0.1798464 0.1798273 0.2203078 0.2240252 0.3321463 0.2389324 0.0119469 0.0000000 0.0093415 0.0092001 0.0281597 0.0254419 0.0131729 0.1824997 0.1852971 0.1819718 0.1715807 0.1977509 0.1859993 0.1771113 0.1936593 0.2046807 0.4959368 0.6391315 0.4982220 0.5258113 0.6281444 0.4119104 0.4948873 0.4977046 0.2816435 0.2760864 1.1457141 0.9089851 0.9307940 1.7643028 0.0064446 0.9164796 0.0337225 
NOL_Niko             0.1875454 0.1867053 0.1863290 0.1740348 0.1902082 0.1877532 0.1849110 0.1770040 0.1913645 0.1845674 0.1917446 0.2441341 0.2211739 0.3183338 0.2752226 0.0119831 0.0093415 0.0000000 0.0112436 0.0269538 0.0292949 0.0140026 0.1761201 0.1949343 0.1940708 0.1740997 0.1985226 0.1888993 0.1981553 0.2089557 0.2092821 0.4911088 0.6192397 0.5184650 0.5438911 0.6579196 0.4235961 0.5001078 0.5019520 0.2850410 0.2760864 1.1315962 0.9325790 0.9204105 1.8028339 0.0037227 0.8099804 0.0329684 
Gruber_Pannecohenae  0.1784827 0.1794463 0.1749469 0.1727718 0.1801328 0.1791606 0.1767782 0.1667975 0.1852055 0.1764828 0.1860231 0.2335751 0.2156225 0.3111087 0.2661398 0.0119483 0.0092001 0.0112436 0.0000000 0.0307220 0.0132185 0.0138796 0.1774428 0.1904386 0.1852158 0.1700694 0.1894332 0.1806828 0.1887280 0.1961739 0.1975169 0.4932679 0.6122880 0.5123662 0.5294737 0.6494494 0.4204545 0.4983290 0.5036358 0.2816435 0.2760864 1.1459423 0.9334259 0.9273913 1.7960431 0.0085804 0.8529374 0.0329684 
BothPmorini          0.1726738 0.1740041 0.1702981 0.1669421 0.1850979 0.1763458 0.1682810 0.1429939 0.1734371 0.1719053 0.1766863 0.2185842 0.1918914 0.2259847 0.2042330 0.0278419 0.0281597 0.0269538 0.0307220 0.0000000 0.0039323 0.0320255 0.1803891 0.1785461 0.1762040 0.1740978 0.1926783 0.2029245 0.1940768 0.1929290 0.2003415 0.4150224 0.6287986 0.4709457 0.5052498 0.5290822 0.4206949 0.5003039 0.3926172 0.2698078 0.2678459 0.8594135 0.7480350 0.8446366 1.9087365 0.0239639 0.2323736 9.0000000 
ROWLU_2018           0.2790947 0.2815082 0.2447515 0.2855964 0.2720797 0.2872841 0.2663734 0.2500067 0.2573354 0.2733156 0.3693922 0.1544150 0.1827960 0.5694986 0.4410119 0.0146551 0.0254419 0.0292949 0.0132185 0.0039323 0.0000000 0.0083134 0.2535979 0.2562354 0.2375885 0.2701208 0.1893587 0.2289310 0.2106143 0.2453500 0.2855366 0.2353615 0.2550627 0.5656187 0.8413421 0.8168181 0.2407919 0.6991993 0.2469448 0.3786905 0.3398158 1.1848646 2.3220840 0.3416902 2.5972639 0.0095809 1.3570354 9.0000000 
Allmacelroy          0.1529789 0.1565014 0.1348617 0.1646822 0.1721161 0.1664291 0.1399529 0.0846139 0.1449244 0.1597157 0.1489877 0.2121231 0.1143168 0.2298680 0.1967243 0.0119965 0.0131729 0.0140026 0.0138796 0.0320255 0.0083134 0.0000000 0.1672799 0.1526099 0.1499590 0.1615627 0.1807747 0.1440218 0.1710401 0.1634587 0.1909230 0.3535153 0.3199087 0.4694088 0.4673691 0.4702690 0.4811053 0.4787909 0.1696383 0.2454897 0.2491962 0.8969109 0.7547512 0.7073986 1.9710852 0.0064576 9.0000000 9.0000000 
AllBzSVU             0.0731625 0.0783405 0.0722633 0.0764945 0.0800919 0.0769926 0.0714988 0.0679342 0.0694709 0.0732448 0.0800761 0.2338625 0.2264737 0.3246528 0.2699621 0.1562895 0.1824997 0.1761201 0.1774428 0.1803891 0.2535979 0.1672799 0.0000000 0.0331503 0.0348833 0.0713965 0.1132744 0.1279878 0.1970013 0.2126659 0.2194747 0.3763198 0.6093039 0.5141271 0.5191110 0.5722792 0.4266159 0.4976320 0.4662744 0.3181093 0.3208326 1.1781279 0.7694758 0.7533247 1.8716003 0.1628951 0.8244930 0.0418895 
RO-AG_S10            0.0574547 0.0598907 0.0608492 0.0600664 0.0637924 0.0594978 0.0574364 0.0512752 0.0650782 0.0578654 0.0521276 0.2541890 0.2467976 0.3136501 0.2767575 0.1596765 0.1852971 0.1949343 0.1904386 0.1785461 0.2562354 0.1526099 0.0331503 0.0000000 0.0038903 0.0525703 0.1060517 0.1362174 0.2089083 0.2081809 0.2080579 0.4708556 0.6139168 0.5452566 0.5706758 0.7041739 0.4284923 0.5148300 0.6017549 0.3035899 0.3062007 1.1573334 0.9387895 0.9117451 1.8610305 0.2030192 0.7447235 0.0378376 
RoIR_S66             0.0580821 0.0629142 0.0599607 0.0653496 0.0627786 0.0650146 0.0575039 0.0530173 0.0650580 0.0581275 0.0619799 0.2588981 0.2565999 0.3141012 0.2961437 0.1573872 0.1819718 0.1940708 0.1852158 0.1762040 0.2375885 0.1499590 0.0348833 0.0038903 0.0000000 0.0520549 0.1066559 0.1297103 0.2118926 0.2100283 0.2096263 0.4680045 0.6115203 0.5392102 0.5571039 0.6777361 0.4255352 0.5139213 0.5533701 0.3016080 0.3041980 1.1959420 0.9380039 0.9130923 1.7908018 0.1949563 0.8790024 0.0378376 
BothRoODH            0.0262048 0.0301891 0.0194239 0.0274888 0.0229892 0.0273565 0.0254767 0.0213683 0.0253593 0.0230066 0.0389184 0.2267850 0.2428148 0.3052389 0.2637449 0.1460167 0.1715807 0.1740997 0.1700694 0.1740978 0.2701208 0.1615627 0.0713965 0.0525703 0.0520549 0.0000000 0.1026230 0.1185108 0.1883111 0.1961997 0.1949965 0.4684025 0.5827128 0.4836367 0.5122610 0.6268925 0.4183477 0.5040553 0.5137939 0.3143265 0.3133786 1.1607281 0.8847868 0.9212036 1.7957319 0.1820161 0.9440412 0.0462992 
Vtsu                 0.1255902 0.1289069 0.1111578 0.1219866 0.1239642 0.1243447 0.1082727 0.1077278 0.1146070 0.1216630 0.1168844 0.2597383 0.2552491 0.3376035 0.2639699 0.1501541 0.1977509 0.1985226 0.1894332 0.1926783 0.1893587 0.1807747 0.1132744 0.1060517 0.1066559 0.1026230 0.0000000 0.0926264 0.2120640 0.2073743 0.2113836 0.5062205 0.6125746 0.5626873 0.5880390 0.6690839 0.4339687 0.5085121 0.5817187 0.2971593 0.2997421 0.9909298 0.9235861 0.9398940 1.8668550 0.1835045 0.5623616 0.0357875 
PMMFU                0.1203081 0.1266305 0.1210403 0.1299604 0.1236711 0.1275277 0.1230817 0.1182622 0.1262272 0.1199250 0.1332533 0.2387670 0.2580040 0.3176540 0.2220118 0.1572488 0.1859993 0.1888993 0.1806828 0.2029245 0.2289310 0.1440218 0.1279878 0.1362174 0.1297103 0.1185108 0.0926264 0.0000000 0.1926153 0.1911614 0.1907278 0.5066823 0.5989327 0.4658309 0.5083423 0.6197004 0.4242989 0.5075012 0.5487917 0.2911589 0.2826496 1.0412130 0.8812736 0.9417834 1.8441308 0.1943414 0.7046432 0.0357875 
curacao              0.1998485 0.2022279 0.2012875 0.1855396 0.2041269 0.2106629 0.2044066 0.2033783 0.2077945 0.1984187 0.2067570 0.2422462 0.2233818 0.3061291 0.2824358 0.1650265 0.1771113 0.1981553 0.1887280 0.1940768 0.2106143 0.1710401 0.1970013 0.2089083 0.2118926 0.1883111 0.2120640 0.1926153 0.0000000 0.1567385 0.1587307 0.4516353 0.5210850 0.5031880 0.5119019 0.6377881 0.3819992 0.4874893 0.5123306 0.2829701 0.2798880 1.0958156 0.8891733 0.8948713 1.7109799 0.1995782 0.8186924 0.0107185 
BothRoCMU            0.2030725 0.2040797 0.2068865 0.2113304 0.2100867 0.2102137 0.2083481 0.2023271 0.2162004 0.2010884 0.2148604 0.2460252 0.2414577 0.3151173 0.2764467 0.1756151 0.1936593 0.2089557 0.1961739 0.1929290 0.2453500 0.1634587 0.2126659 0.2081809 0.2100283 0.1961997 0.2073743 0.1911614 0.1567385 0.0000000 0.0059624 0.4883506 0.5990011 0.5303262 0.5398521 0.6931698 0.4342929 0.5092589 0.5218559 0.2655236 0.2599754 1.1364622 0.9094574 0.8671903 1.8156196 0.2088590 0.8188026 0.0000010 
Korn_hast_c          0.2082614 0.2092969 0.2053809 0.2234016 0.2160328 0.2156837 0.2062139 0.2001505 0.2138538 0.2069578 0.2187916 0.2472504 0.2425312 0.3341690 0.2806616 0.1786937 0.2046807 0.2092821 0.1975169 0.2003415 0.2855366 0.1909230 0.2194747 0.2080579 0.2096263 0.1949965 0.2113836 0.1907278 0.1587307 0.0059624 0.0000000 0.4856209 0.6224136 0.5480580 0.5537582 0.7026638 0.4340326 0.5131159 0.5375505 0.2663693 0.2608062 1.1478779 0.9117735 0.8752410 1.8195201 0.2130545 0.8191218 0.0000010 
jpcyp2b              0.4673892 0.4693313 0.4654722 0.3604101 0.4670263 0.4821346 0.4737357 0.4697438 0.4815047 0.4718792 0.4225729 0.4429004 0.4717331 0.4652766 0.3450997 0.3778844 0.4959368 0.4911088 0.4932679 0.4150224 0.2353615 0.3535153 0.3763198 0.4708556 0.4680045 0.4684025 0.5062205 0.5066823 0.4516353 0.4883506 0.4856209 0.0000000 0.5251821 0.4313100 0.5435073 0.5653655 0.3703707 0.4732816 0.6118304 0.2884307 0.2855930 1.0666951 0.8171166 0.9750676 2.1149504 0.5054593 0.2896460 9.0000000 
Jp_Melavar22         0.6156462 0.6223425 0.5812832 0.6266714 0.6099287 0.6234572 0.6125491 0.4316731 0.5926216 0.6092976 0.5894047 0.5051431 0.3868320 0.4703498 0.5076832 0.6400509 0.6391315 0.6192397 0.6122880 0.6287986 0.2550627 0.3199087 0.6093039 0.6139168 0.6115203 0.5827128 0.6125746 0.5989327 0.5210850 0.5990011 0.6224136 0.5251821 0.0000000 0.2125645 0.2125645 0.2233208 0.1800335 0.1604283 0.2803638 0.2544369 0.2650471 0.9236197 0.7607637 0.7242573 2.8653901 0.3261365 0.0495503 9.0000000 
WhiteVanessaLIRS     0.5524084 0.5626161 0.5389474 0.4986780 0.5528045 0.5581638 0.5435408 0.5419532 0.5375237 0.5442606 0.5683784 0.5084369 0.4723396 0.5896846 0.5152713 0.4581875 0.4982220 0.5184650 0.5123662 0.4709457 0.5656187 0.4694088 0.5141271 0.5452566 0.5392102 0.4836367 0.5626873 0.4658309 0.5031880 0.5303262 0.5480580 0.4313100 0.2125645 0.0000000 0.0058517 0.1520093 0.1607113 0.1724946 0.5825887 0.3101631 0.2925268 1.0705753 0.8402474 0.7606109 1.9048477 0.4325328 0.1822985 0.0865767 
FatWhiteEye          0.5550538 0.5761894 0.5503945 0.5038949 0.5617113 0.5721341 0.5563561 0.5643965 0.5594089 0.5588081 0.5569366 0.5037541 0.4963981 0.6215256 0.5196032 0.4655418 0.5258113 0.5438911 0.5294737 0.5052498 0.8413421 0.4673691 0.5191110 0.5706758 0.5571039 0.5122610 0.5880390 0.5083423 0.5119019 0.5398521 0.5537582 0.5435073 0.2125645 0.0058517 0.0000000 0.1794469 0.1666820 0.1986495 0.6695665 0.2878439 0.2903395 1.0785521 0.9434578 0.9661908 1.8073592 0.5459563 0.2478847 0.0865767 
LongWhiteEye         0.6784449 0.6797079 0.6703012 0.5516089 0.6730392 0.6844986 0.6792603 0.6955518 0.6820000 0.6727492 0.6515392 0.5997330 0.6209280 0.6227579 0.5805229 0.4825333 0.6281444 0.6579196 0.6494494 0.5290822 0.8168181 0.4702690 0.5722792 0.7041739 0.6777361 0.6268925 0.6690839 0.6197004 0.6377881 0.6931698 0.7026638 0.5653655 0.2233208 0.1520093 0.1794469 0.0000000 0.1628301 0.2522626 0.6427412 0.2806750 0.2831057 1.0257195 0.9179044 0.9437170 1.7946660 0.6394954 0.3216450 9.0000000 
GlovSkog             0.4125738 0.4145913 0.4128423 0.4151995 0.4164896 0.4268227 0.4210558 0.3925882 0.4241318 0.4115744 0.4230808 0.4033124 0.3943370 0.4185445 0.3341815 0.4512348 0.4119104 0.4235961 0.4204545 0.4206949 0.2407919 0.4811053 0.4266159 0.4284923 0.4255352 0.4183477 0.4339687 0.4242989 0.3819992 0.4342929 0.4340326 0.3703707 0.1800335 0.1607113 0.1666820 0.1628301 0.0000000 0.0606584 0.4163420 0.2898639 0.2924207 0.8284305 0.6460680 0.7068895 1.6638362 0.4401801 0.0590020 0.1802492 
PSKO                 0.5100055 0.5094757 0.5027085 0.4890165 0.5050417 0.5165612 0.5108994 0.5069015 0.5146759 0.5098051 0.5318530 0.4492701 0.4870771 0.6110159 0.4221238 0.4616944 0.4948873 0.5001078 0.4983290 0.5003039 0.6991993 0.4787909 0.4976320 0.5148300 0.5139213 0.5040553 0.5085121 0.5075012 0.4874893 0.5092589 0.5131159 0.4732816 0.1604283 0.1724946 0.1986495 0.2522626 0.0606584 0.0000000 0.5427594 0.2990336 0.2826334 0.9665633 0.8152207 0.8802191 1.7518006 0.5012710 0.2469905 0.0920060 
Gigantocypris        0.5539247 0.5650097 0.5365527 0.4513907 0.5391510 0.5612301 0.5526477 0.5508263 0.5485785 0.5474876 0.5217930 0.4893571 0.5305787 0.5296135 0.4885547 0.3203939 0.4977046 0.5019520 0.5036358 0.3926172 0.2469448 0.1696383 0.4662744 0.6017549 0.5533701 0.5137939 0.5817187 0.5487917 0.5123306 0.5218559 0.5375505 0.6118304 0.2803638 0.5825887 0.6695665 0.6427412 0.4163420 0.5427594 0.0000000 0.2910064 0.2953275 0.7472505 0.9256757 1.0080787 1.7959183 0.4714830 0.4173490 9.0000000 
Euph_microasciformis 0.2982374 0.2899129 0.3001355 0.3001355 0.3023781 0.3027330 0.2923807 0.2923807 0.3000627 0.2982374 0.3057110 0.2899548 0.3070374 0.2785232 0.2543592 0.2750364 0.2816435 0.2850410 0.2816435 0.2698078 0.3786905 0.2454897 0.3181093 0.3035899 0.3016080 0.3143265 0.2971593 0.2911589 0.2829701 0.2655236 0.2663693 0.2884307 0.2544369 0.3101631 0.2878439 0.2806750 0.2898639 0.2990336 0.2910064 0.0000000 0.0031287 0.2095168 0.2114874 0.2786488 0.4728510 0.1470073 9.0000000 9.0000000 
Harb_slatteryi       0.2924465 0.2924465 0.2943266 0.2943266 0.2965708 0.2969355 0.2949219 0.2949219 0.3026744 0.2924465 0.2998892 0.2905824 0.2973524 0.2801273 0.2549496 0.2774030 0.2760864 0.2760864 0.2760864 0.2678459 0.3398158 0.2491962 0.3208326 0.3062007 0.3041980 0.3133786 0.2997421 0.2826496 0.2798880 0.2599754 0.2608062 0.2855930 0.2650471 0.2925268 0.2903395 0.2831057 0.2924207 0.2826334 0.2953275 0.0031287 0.0000000 0.1884013 0.1944094 0.2700206 0.4678880 0.1470073 9.0000000 9.0000000 
Chlorica             1.1436156 1.1351400 1.1358340 1.0200798 1.1437264 1.1710995 1.1669624 1.1934607 1.1435287 1.1294831 1.1315728 0.8963692 0.9919321 1.0244099 1.1670684 0.8398932 1.1457141 1.1315962 1.1459423 0.8594135 1.1848646 0.8969109 1.1781279 1.1573334 1.1959420 1.1607281 0.9909298 1.0412130 1.0958156 1.1364622 1.1478779 1.0666951 0.9236197 1.0705753 1.0785521 1.0257195 0.8284305 0.9665633 0.7472505 0.2095168 0.1884013 0.0000000 0.7981317 0.8696912 2.9037535 0.9694424 0.5523881 9.0000000 
AltLiz               0.9459486 0.9458794 0.9264941 0.7724295 0.9279265 0.9613961 0.9471630 0.9456870 0.9577144 0.9453115 0.8543241 0.8435797 0.8456284 0.8614115 0.8356705 0.6510383 0.9089851 0.9325790 0.9334259 0.7480350 2.3220840 0.7547512 0.7694758 0.9387895 0.9380039 0.8847868 0.9235861 0.8812736 0.8891733 0.9094574 0.9117735 0.8171166 0.7607637 0.8402474 0.9434578 0.9179044 0.6460680 0.8152207 0.9256757 0.2114874 0.1944094 0.7981317 0.0000000 0.9374392 1.9752460 0.9542263 1.0594470 9.0000000 
Cylindroleberidinae  0.9273147 0.9304525 0.9214010 0.6836427 0.9307927 0.9322012 0.9149142 0.9035204 0.9527721 0.9200297 0.8387380 0.8739574 0.8770470 0.8488514 0.7855654 0.7102213 0.9307940 0.9204105 0.9273913 0.8446366 0.3416902 0.7073986 0.7533247 0.9117451 0.9130923 0.9212036 0.9398940 0.9417834 0.8948713 0.8671903 0.8752410 0.9750676 0.7242573 0.7606109 0.9661908 0.9437170 0.7068895 0.8802191 1.0080787 0.2786488 0.2700206 0.8696912 0.9374392 0.0000000 1.9550171 0.9302237 0.3767341 9.0000000 
Dstev_ENA            1.8194027 1.8228505 1.7987472 1.9328181 1.8179215 1.8210887 1.7927771 1.7071409 1.7787416 1.8052627 1.7504717 1.8528245 1.7062412 1.9853974 1.9646803 1.7760813 1.7643028 1.8028339 1.7960431 1.9087365 2.5972639 1.9710852 1.8716003 1.8610305 1.7908018 1.7957319 1.8668550 1.8441308 1.7109799 1.8156196 1.8195201 2.1149504 2.8653901 1.9048477 1.8073592 1.7946660 1.6638362 1.7518006 1.7959183 0.4728510 0.4678880 2.9037535 1.9752460 1.9550171 0.0000000 1.8224430 3.1204667 0.9820845 
EGD_Niko             0.1866847 0.1874922 0.1841707 0.1610873 0.1885343 0.1869522 0.1858708 0.1744378 0.1926956 0.1843715 0.1953042 0.2057158 0.2162696 0.2953170 0.2611190 0.0092757 0.0064446 0.0037227 0.0085804 0.0239639 0.0095809 0.0064576 0.1628951 0.2030192 0.1949563 0.1820161 0.1835045 0.1943414 0.1995782 0.2088590 0.2130545 0.5054593 0.3261365 0.4325328 0.5459563 0.6394954 0.4401801 0.5012710 0.4714830 0.1470073 0.1470073 0.9694424 0.9542263 0.9302237 1.8224430 0.0000000 0.9044284 0.0338966 
BothPara_w           0.8556913 0.8556913 0.8722933 0.9351449 0.8739527 0.8506161 0.8509778 0.8510617 0.8584481 0.8560432 0.8547221 0.5184820 0.4697884 0.8261602 0.8411646 0.2743183 0.9164796 0.8099804 0.8529374 0.2323736 1.3570354 9.0000000 0.8244930 0.7447235 0.8790024 0.9440412 0.5623616 0.7046432 0.8186924 0.8188026 0.8191218 0.2896460 0.0495503 0.1822985 0.2478847 0.3216450 0.0590020 0.2469905 0.4173490 9.0000000 9.0000000 0.5523881 1.0594470 0.3767341 3.1204667 0.9044284 0.0000000 9.0000000 
K_marleyi            0.0479845 0.0479845 0.0379030 0.0434361 0.0379030 0.0385676 0.0385676 0.0385676 0.0439753 0.0479845 0.0439753 0.0219943 0.0277291 9.0000000 0.0294765 9.0000000 0.0337225 0.0329684 0.0329684 9.0000000 9.0000000 9.0000000 0.0418895 0.0378376 0.0378376 0.0462992 0.0357875 0.0357875 0.0107185 0.0000010 0.0000010 9.0000000 9.0000000 0.0865767 0.0865767 9.0000000 0.1802492 0.0920060 9.0000000 9.0000000 9.0000000 9.0000000 9.0000000 9.0000000 0.9820845 0.0338966 9.0000000 0.0000000 
